000000
000008
000012
000014
000015
000017
000019
000023
000025
000026
000029
000030
000031
000032
000033
000037
000039
000041
000043
000044
000045
000047
000048
000049
000050
000051
000057
000058
000059
000061
000062
000063
000065
000068
000069
000070
000071
000073
000075
000076
000079
000080
000082
000083
000084
000085
000086
000087
000088
000090
000091
000092
000093
000095
000096
000099
000100
000101
000102
000103
000104
000106
000107
000108
000109
000110
000111
000113
000118
000120
000121
000122
000124
000131
000132
000134
000135
000139
000142
000144
000149
000150
000151
000152
000156
000157
000166
000167
000168
000169
000170
000172
000174
000175
000176
000177
000178
000179
000180
000181
000183
000184
000185
000188
000191
000192
000194
000195
000196
000198
000199
000203
000205
000208
000209
000210
000211
000212
000214
000216
000217
000218
000219
000220
000221
000222
000227
000228
000229
000230
000231
000233
000238
000239
000240
000245
000247
000248
000251
000252
000254
000257
000259
000263
000265
000267
000268
000270
000272
000274
000278
000279
000283
000286
000287
000288
000289
000290
000291
000292
000293
000295
000296
000297
000298
000300
000303
000304
000305
000307
000308
000309
000312
000314
000315
000318
000319
000321
000322
000323
000324
000325
000326
000328
000330
000332
000333
000334
000336
000339
000344
000346
000347
000348
000349
000350
000351
000354
000355
000356
000360
000366
000367
000368
000371
000373
000376
000378
000380
000381
000383
000387
000389
000393
000396
000397
000401
000402
000408
000410
000411
000414
000415
000416
000418
000420
000421
000422
000425
000426
000428
000429
000432
000433
000434
000435
000437
000438
000439
000443
000445
000446
000447
000450
000451
000452
000453
000457
000461
000462
000463
000465
000468
000469
000471
000472
000473
000476
000478
000479
000480
000483
000485
000486
000487
000489
000490
000491
000493
000494
000495
000496
000497
000498
000500
000501
000503
000505
000506
000507
000508
000509
000511
000516
000517
000518
000527
000528
000530
000531
000533
000534
000535
000538
000540
000543
000544
000547
000548
000549
000550
000551
000553
000554
000555
000558
000561
000564
000565
000566
000567
000568
000570
000573
000576
000577
000579
000582
000584
000585
000586
000589
000592
000594
000596
000598
000599
000601
000602
000604
000605
000607
000611
000613
000615
000617
000618
000620
000621
000622
000624
000625
000626
000627
000633
000636
000637
000640
000641
000642
000643
000644
000648
000650
000652
000653
000654
000655
000657
000658
000662
000664
000668
000670
000672
000674
000676
000677
000678
000679
000680
000681
000683
000684
000690
000691
000693
000696
000700
000701
000705
000706
000708
000710
000711
000712
000718
000719
000720
000721
000724
000725
000730
000731
000733
000734
000736
000737
000739
000741
000742
000743
000744
000745
000746
000747
000748
000751
000752
000755
000756
000757
000758
000759
000761
000763
000764
000765
000773
000776
000777
000779
000782
000783
000786
000787
000789
000790
000794
000798
000799
000800
000802
000803
000805
000807
000808
000809
000810
000811
000812
000816
000820
000828
000829
000831
000833
000834
000835
000837
000838
000841
000842
000843
000844
000847
000848
000852
000856
000857
000858
000859
000861
000862
000864
000865
000866
000868
000869
000871
000873
000877
000879
000881
000883
000887
000889
000890
000893
000896
000897
000898
000903
000904
000907
000908
000911
000915
000921
000925
000926
000927
000931
000932
000937
000940
000944
000945
000947
000949
000952
000957
000958
000960
000964
000965
000967
000969
000970
000972
000977
000978
000979
000981
000982
000993
000994
000996
000997
000999
001001
001002
001003
001005
001006
001009
001010
001018
001020
001022
001024
001025
001027
001029
001030
001032
001033
001034
001038
001039
001041
001042
001044
001046
001047
001049
001051
001052
001055
001056
001057
001061
001064
001068
001071
001073
001074
001075
001078
001079
001083
001084
001086
001087
001090
001092
001093
001094
001095
001096
001097
001099
001101
001102
001103
001104
001105
001108
001109
001112
001113
001114
001115
001116
001117
001119
001121
001123
001126
001127
001128
001129
001135
001142
001144
001149
001151
001152
001153
001157
001158
001161
001162
001163
001164
001168
001170
001172
001173
001174
001175
001176
001181
001183
001186
001187
001188
001189
001192
001193
001194
001195
001196
001197
001199
001200
001201
001203
001204
001209
001210
001211
001212
001215
001216
001219
001220
001221
001222
001223
001224
001225
001226
001230
001231
001233
001234
001235
001242
001244
001253
001255
001258
001260
001261
001263
001268
001270
001271
001272
001277
001278
001281
001287
001288
001289
001292
001293
001294
001295
001297
001298
001302
001305
001310
001315
001317
001319
001320
001321
001322
001323
001328
001330
001334
001335
001337
001338
001339
001340
001344
001345
001349
001350
001351
001352
001354
001357
001359
001360
001361
001362
001366
001370
001371
001372
001373
001374
001375
001379
001383
001385
001391
001392
001393
001397
001398
001400
001401
001402
001405
001406
001407
001410
001411
001412
001413
001414
001415
001416
001417
001419
001420
001421
001423
001424
001425
001426
001427
001429
001430
001432
001433
001434
001436
001437
001438
001443
001444
001446
001448
001450
001451
001452
001454
001456
001461
001465
001467
001468
001471
001472
001473
001476
001477
001480
001482
001483
001485
001487
001488
001490
001491
001496
001498
001499
001501
001502
001503
001504
001505
001506
001507
001509
001511
001512
001513
001514
001515
001520
001526
001530
001532
001533
001534
001535
001536
001538
001539
001541
001543
001544
001545
001548
001550
001552
001553
001554
001557
001558
001559
001561
001562
001563
001564
001565
001566
001569
001575
001578
001580
001582
001583
001586
001592
001593
001595
001598
001599
001600
001606
001608
001609
001611
001612
001614
001615
001616
001617
001618
001620
001621
001623
001626
001630
001632
001634
001643
001647
001649
001650
001652
001654
001656
001657
001658
001659
001661
001662
001665
001666
001669
001670
001671
001672
001676
001677
001683
001684
001688
001691
001694
001695
001699
001700
001701
001702
001703
001705
001706
001717
001718
001720
001721
001723
001726
001728
001729
001730
001731
001732
001737
001738
001740
001741
001743
001744
001745
001747
001748
001751
001752
001754
001755
001756
001758
001760
001765
001768
001769
001770
001772
001773
001775
001776
001777
001779
001780
001782
001783
001784
001786
001788
001789
001790
001791
001793
001795
001801
001803
001805
001807
001811
001813
001815
001817
001818
001820
001822
001825
001830
001831
001832
001835
001837
001839
001840
001844
001847
001849
001850
001851
001858
001859
001860
001862
001864
001867
001869
001870
001871
001872
001873
001874
001876
001877
001878
001879
001880
001881
001882
001883
001886
001888
001890
001891
001892
001893
001894
001897
001902
001903
001905
001907
001911
001912
001915
001916
001918
001919
001921
001922
001923
001924
001926
001928
001934
001935
001937
001940
001941
001942
001945
001951
001952
001954
001956
001957
001961
001962
001963
001964
001965
001966
001971
001973
001978
001979
001983
001987
001988
001992
002001
002002
002004
002005
002006
002008
002016
002018
002019
002020
002022
002024
002025
002028
002029
002031
002034
002036
002042
002045
002052
002053
002057
002059
002063
002067
002068
002069
002072
002077
002080
002083
002086
002087
002088
002091
002093
002094
002095
002098
002099
002100
002101
002103
002104
002107
002110
002112
002114
002115
002117
002118
002119
002121
002123
002124
002126
002127
002131
002132
002133
002135
002138
002142
002144
002145
002146
002149
002153
002154
002155
002157
002163
002164
002166
002167
002168
002170
002173
002176
002177
002178
002181
002182
002183
002184
002185
002187
002189
002191
002195
002197
002199
002201
002202
002206
002207
002208
002209
002210
002213
002215
002217
002218
002221
002223
002225
002226
002227
002228
002229
002232
002233
002236
002239
002240
002244
002245
002246
002248
002249
002250
002251
002252
002254
002258
002259
002260
002263
002264
002266
002268
002271
002272
002273
002275
002276
002277
002280
002283
002284
002287
002288
002291
002292
002298
002299
002301
002302
002303
002304
002305
002306
002308
002310
002312
002313
002314
002316
002317
002318
002319
002321
002323
002328
002329
002330
002333
002337
002338
002339
002344
002345
002346
002347
002348
002350
002351
002354
002357
002358
002364
002366
002370
002373
002374
002375
002377
002378
002380
002387
002388
002389
002392
002398
002399
002402
002404
002405
002406
002407
002409
002410
002412
002413
002414
002415
002417
002418
002420
002423
002431
002432
002434
002436
002438
002439
002440
002441
002445
002446
002447
002450
002451
002453
002456
002457
002458
002462
002463
002464
002465
002467
002470
002471
002473
002476
002477
002478
002480
002481
002483
002484
002486
002487
002488
002492
002495
002498
002499
002500
002503
002505
002509
002510
002513
002515
002516
002517
002518
002519
002521
002522
002523
002525
002526
002531
002533
002534
002535
002536
002540
002542
002543
002548
002549
002550
002552
002554
002559
002561
002566
002569
002570
002571
002572
002574
002575
002576
002577
002578
002579
002580
002582
002584
002585
002586
002588
002589
002592
002594
002596
002598
002600
002602
002603
002605
002607
002609
002611
002614
002615
002617
002618
002619
002620
002622
002623
002627
002628
002629
002633
002638
002640
002641
002642
002644
002646
002647
002648
002650
002651
002652
002653
002654
002655
002656
002662
002663
002664
002666
002668
002669
002670
002673
002676
002677
002678
002680
002683
002684
002685
002687
002688
002689
002691
002692
002697
002698
002699
002700
002704
002705
002706
002707
002715
002716
002718
002722
002726
002727
002728
002732
002741
002742
002746
002748
002749
002751
002753
002754
002755
002758
002759
002760
002763
002764
002765
002770
002771
002775
002776
002778
002781
002787
002788
002789
002792
002794
002795
002796
002798
002799
002801
002802
002803
002804
002805
002807
002809
002812
002815
002818
002820
002821
002825
002826
002827
002829
002833
002835
002836
002840
002842
002843
002845
002846
002847
002850
002851
002855
002858
002859
002860
002862
002864
002865
002868
002873
002874
002876
002877
002879
002880
002881
002882
002883
002885
002886
002887
002890
002892
002893
002895
002897
002899
002900
002902
002903
002905
002906
002907
002908
002910
002913
002915
002916
002917
002921
002922
002925
002926
002927
002929
002932
002934
002937
002939
002941
002942
002943
002944
002945
002948
002949
002952
002954
002955
002957
002963
002966
002968
002970
002972
002973
002977
002981
002984
002985
002986
002991
002992
002995
002996
002997
003000
003001
003002
003003
003006
003007
003008
003010
003011
003012
003014
003016
003017
003018
003023
003024
003025
003027
003032
003033
003034
003035
003038
003039
003043
003044
003045
003047
003049
003050
003053
003055
003058
003063
003064
003066
003071
003074
003075
003076
003077
003078
003080
003082
003089
003090
003091
003095
003096
003098
003100
003101
003102
003103
003105
003106
003107
003109
003113
003114
003116
003121
003123
003125
003126
003127
003128
003129
003131
003132
003133
003135
003139
003142
003143
003148
003149
003150
003151
003153
003154
003159
003161
003163
003164
003165
003166
003168
003169
003172
003176
003181
003182
003184
003185
003187
003193
003194
003195
003196
003197
003203
003204
003206
003207
003208
003209
003210
003213
003214
003217
003218
003220
003221
003226
003227
003231
003235
003237
003238
003240
003244
003245
003246
003248
003250
003252
003254
003256
003257
003258
003260
003262
003263
003265
003268
003269
003270
003274
003276
003277
003279
003282
003285
003286
003288
003289
003290
003295
003296
003297
003298
003299
003303
003305
003306
003307
003308
003309
003312
003313
003315
003316
003317
003318
003319
003320
003322
003323
003326
003328
003332
003333
003334
003337
003340
003341
003346
003347
003349
003350
003352
003353
003355
003357
003358
003360
003362
003365
003366
003370
003377
003378
003379
003381
003382
003383
003386
003388
003392
003393
003395
003396
003399
003402
003404
003405
003406
003407
003408
003409
003410
003411
003412
003413
003418
003422
003424
003425
003428
003431
003433
003434
003437
003438
003439
003442
003443
003450
003454
003458
003459
003460
003463
003464
003467
003469
003470
003473
003475
003477
003478
003479
003480
003481
003482
003483
003484
003487
003491
003494
003497
003499
003501
003504
003505
003509
003513
003515
003518
003519
003520
003524
003527
003528
003529
003532
003534
003535
003538
003539
003540
003541
003542
003543
003544
003545
003548
003550
003551
003552
003554
003558
003560
003563
003567
003570
003571
003573
003574
003575
003578
003580
003583
003589
003590
003592
003593
003599
003601
003605
003608
003611
003612
003613
003614
003615
003616
003617
003620
003621
003622
003624
003625
003626
003641
003647
003649
003651
003653
003656
003658
003660
003661
003664
003666
003667
003668
003671
003680
003682
003684
003685
003686
003688
003689
003692
003693
003698
003703
003704
003706
003707
003708
003715
003717
003718
003720
003721
003728
003731
003733
003734
003739
003742
003745
003749
003751
003753
003755
003757
003758
003761
003764
003765
003767
003768
003770
003773
003774
003779
003781
003782
003783
003784
003785
003786
003787
003790
003792
003794
003795
003796
003799
003800
003801
003803
003806
003809
003813
003815
003816
003819
003820
003821
003824
003826
003827
003832
003834
003836
003837
003838
003841
003844
003846
003849
003852
003855
003856
003857
003859
003861
003862
003866
003869
003870
003871
003872
003875
003879
003880
003881
003882
003885
003886
003887
003889
003891
003892
003893
003896
003898
003901
003903
003904
003905
003907
003908
003909
003910
003912
003914
003915
003916
003918
003921
003922
003927
003929
003931
003932
003934
003936
003937
003939
003941
003942
003945
003946
003947
003948
003949
003950
003951
003954
003955
003956
003960
003961
003964
003966
003968
003971
003973
003975
003977
003978
003979
003980
003984
003985
003989
003992
003994
003995
003996
003997
004001
004002
004004
004010
004011
004012
004013
004015
004017
004019
004022
004024
004025
004028
004030
004031
004032
004034
004035
004038
004039
004041
004043
004046
004047
004048
004050
004051
004053
004054
004055
004056
004058
004059
004060
004063
004071
004072
004074
004075
004076
004077
004078
004080
004081
004084
004085
004086
004087
004091
004092
004094
004098
004100
004101
004102
004103
004104
004105
004108
004110
004112
004118
004119
004121
004125
004126
004127
004128
004129
004139
004140
004141
004147
004148
004149
004151
004152
004154
004157
004159
004160
004161
004162
004163
004165
004166
004168
004169
004172
004173
004176
004180
004184
004190
004192
004194
004195
004196
004198
004201
004204
004205
004207
004209
004210
004213
004215
004216
004217
004220
004221
004222
004224
004228
004229
004230
004231
004235
004236
004237
004239
004240
004241
004245
004246
004247
004248
004250
004251
004252
004253
004254
004257
004258
004262
004264
004266
004267
004269
004270
004271
004273
004279
004280
004284
004288
004290
004291
004292
004295
004296
004299
004301
004302
004303
004304
004305
004306
004307
004309
004310
004313
004314
004315
004316
004317
004319
004322
004323
004325
004326
004328
004329
004331
004332
004334
004335
004336
004340
004342
004343
004348
004350
004352
004353
004354
004355
004357
004359
004362
004366
004367
004368
004369
004370
004371
004372
004373
004378
004381
004385
004386
004387
004391
004392
004393
004394
004395
004397
004398
004404
004405
004409
004410
004411
004412
004414
004416
004418
004420
004421
004423
004424
004427
004428
004434
004436
004438
004442
004446
004447
004449
004450
004453
004454
004456
004457
004458
004461
004463
004464
004466
004467
004471
004472
004475
004477
004478
004480
004482
004486
004487
004489
004490
004498
004500
004502
004503
004505
004506
004507
004509
004510
004511
004512
004513
004515
004516
004518
004519
004520
004523
004525
004527
004529
004532
004534
004535
004536
004537
004538
004541
004545
004546
004550
004552
004553
004554
004556
004557
004559
004560
004561
004562
004563
004564
004567
004570
004574
004575
004577
004578
004582
004584
004586
004590
004593
004596
004600
004603
004604
004606
004607
004608
004609
004614
004622
004623
004624
004628
004629
004630
004631
004633
004634
004635
004638
004641
004643
004645
004650
004651
004653
004655
004656
004657
004660
004661
004664
004666
004667
004669
004672
004674
004677
004678
004679
004680
004684
004685
004686
004687
004689
004690
004692
004693
004694
004696
004697
004700
004701
004704
004706
004709
004710
004712
004713
004715
004716
004717
004722
004726
004728
004730
004731
004733
004734
004738
004739
004741
004742
004743
004745
004746
004747
004753
004755
004756
004763
004765
004766
004767
004769
004772
004774
004775
004776
004778
004782
004787
004789
004791
004794
004796
004801
004808
004810
004812
004813
004816
004817
004818
004819
004823
004824
004825
004828
004829
004830
004832
004834
004838
004842
004844
004845
004847
004851
004852
004855
004860
004861
004862
004864
004865
004874
004877
004878
004879
004880
004883
004885
004888
004894
004896
004900
004901
004902
004907
004908
004912
004913
004915
004918
004919
004920
004921
004922
004925
004927
004928
004932
004934
004935
004936
004937
004938
004940
004941
004943
004945
004947
004949
004950
004951
004952
004955
004956
004958
004959
004960
004961
004967
004970
004974
004977
004979
004981
004982
004983
004984
004987
004990
004991
004993
004994
004995
004996
004997
005002
005003
005006
005007
005009
005012
005013
005014
005018
005019
005020
005021
005023
005025
005026
005027
005028
005030
005033
005036
005037
005038
005039
005040
005041
005045
005046
005050
005057
005058
005059
005061
005062
005064
005065
005067
005070
005071
005074
005075
005076
005077
005078
005080
005081
005086
005090
005091
005093
005094
005095
005096
005101
005102
005106
005111
005112
005113
005117
005118
005119
005120
005121
005125
005128
005129
005137
005140
005143
005144
005146
005148
005151
005152
005153
005154
005155
005156
005157
005160
005162
005163
005164
005165
005167
005168
005169
005170
005171
005174
005184
005185
005186
005187
005189
005190
005192
005193
005194
005195
005196
005198
005199
005200
005201
005204
005213
005216
005218
005220
005221
005223
005227
005228
005229
005230
005231
005235
005238
005239
005241
005242
005243
005244
005246
005252
005253
005257
005261
005265
005270
005272
005273
005274
005275
005277
005278
005283
005284
005285
005286
005291
005292
005294
005300
005302
005303
005304
005306
005307
005309
005310
005313
005316
005318
005321
005322
005324
005328
005330
005331
005332
005333
005335
005338
005340
005341
005344
005345
005347
005349
005354
005356
005357
005359
005360
005361
005362
005363
005364
005365
005367
005368
005371
005374
005375
005377
005379
005380
005382
005384
005385
005391
005394
005396
005398
005400
005402
005403
005404
005407
005409
005410
005411
005413
005414
005416
005417
005418
005419
005422
005425
005427
005428
005432
005433
005434
005436
005438
005441
005444
005446
005447
005448
005452
005453
005454
005455
005456
005457
005458
005462
005465
005466
005469
005471
005473
005474
005476
005477
005478
005480
005481
005482
005484
005485
005487
005488
005489
005491
005492
005494
005495
005498
005501
005502
005503
005505
005508
005509
005510
005513
005514
005516
005517
005519
005521
005523
005525
005527
005528
005531
005533
005538
005547
005550
005552
005553
005555
005557
005559
005561
005562
005563
005564
005568
005570
005572
005573
005574
005576
005583
005584
005586
005587
005589
005591
005595
005598
005599
005601
005602
005603
005606
005609
005612
005617
005620
005623
005624
005626
005628
005631
005632
005634
005635
005636
005638
005641
005642
005646
005647
005648
005650
005653
005654
005655
005656
005658
005661
005663
005664
005665
005666
005668
005669
005671
005672
005674
005676
005677
005678
005684
005686
005688
005693
005694
005697
005698
005700
005701
005704
005706
005709
005710
005711
005714
005716
005717
005718
005719
005721
005723
005724
005728
005735
005737
005741
005743
005746
005752
005755
005756
005758
005763
005766
005767
005770
005773
005774
005776
005777
005780
005781
005782
005783
005786
005789
005790
005792
005793
005799
005803
005806
005807
005808
005810
005812
005813
005814
005816
005818
005819
005820
005821
005822
005823
005824
005825
005826
005827
005828
005829
005830
005831
005832
005834
005835
005837
005838
005840
005841
005843
005846
005848
005849
005856
005857
005858
005859
005861
005862
005863
005865
005867
005872
005873
005874
005875
005879
005880
005884
005887
005889
005890
005891
005896
005901
005902
005903
005904
005905
005908
005909
005916
005918
005920
005924
005925
005926
005927
005928
005933
005934
005937
005938
005940
005942
005943
005944
005946
005948
005952
005955
005957
005960
005965
005967
005968
005969
005974
005976
005981
005982
005983
005985
005990
005992
005993
005994
005995
005998
006000
006001
006003
006004
006005
006006
006007
006008
006011
006012
006013
006014
006018
006022
006025
006027
006032
006033
006034
006035
006036
006037
006040
006043
006047
006048
006049
006052
006053
006054
006055
006056
006057
006059
006060
006061
006064
006066
006067
006071
006072
006073
006078
006079
006084
006089
006091
006093
006094
006095
006096
006097
006098
006100
006103
006106
006107
006108
006109
006111
006113
006114
006115
006116
006122
006123
006125
006126
006130
006131
006134
006135
006137
006138
006139
006140
006141
006145
006146
006147
006154
006155
006157
006161
006162
006163
006167
006173
006174
006176
006179
006182
006183
006185
006186
006187
006188
006193
006195
006198
006199
006200
006201
006202
006203
006204
006208
006211
006213
006214
006220
006221
006222
006227
006228
006232
006243
006244
006246
006247
006248
006250
006252
006255
006256
006257
006259
006261
006262
006263
006266
006267
006272
006273
006274
006275
006277
006279
006284
006286
006289
006290
006291
006292
006296
006300
006301
006305
006306
006307
006309
006311
006312
006315
006317
006321
006322
006324
006325
006326
006328
006330
006332
006333
006334
006336
006337
006338
006340
006342
006344
006346
006350
006351
006352
006353
006354
006355
006356
006357
006358
006359
006362
006366
006367
006370
006377
006378
006379
006380
006381
006382
006383
006384
006385
006386
006387
006391
006392
006393
006399
006403
006404
006405
006406
006409
006410
006411
006412
006414
006415
006416
006417
006418
006419
006422
006423
006426
006428
006429
006434
006437
006438
006441
006442
006443
006444
006445
006446
006447
006449
006451
006452
006453
006454
006455
006459
006460
006466
006467
006469
006470
006471
006472
006473
006474
006475
006476
006479
006480
006481
006490
006493
006497
006499
006502
006505
006506
006508
006514
006515
006516
006519
006520
006521
006522
006523
006524
006525
006529
006531
006532
006533
006535
006536
006538
006540
006542
006544
006547
006548
006549
006550
006552
006553
006554
006555
006556
006559
006563
006564
006566
006570
006571
006573
006574
006575
006577
006579
006580
006582
006583
006584
006586
006589
006590
006592
006594
006596
006597
006598
006599
006602
006603
006606
006607
006610
006612
006613
006621
006623
006624
006625
006626
006627
006631
006634
006635
006636
006637
006638
006642
006644
006645
006646
006648
006649
006651
006652
006653
006659
006660
006661
006663
006666
006667
006669
006672
006675
006678
006681
006682
006684
006685
006687
006689
006692
006695
006696
006698
006699
006705
006710
006712
006718
006729
006730
006734
006737
006738
006739
006740
006741
006742
006743
006746
006750
006751
006752
006753
006761
006762
006763
006769
006770
006771
006773
006774
006775
006777
006778
006779
006781
006784
006785
006788
006790
006794
006796
006801
006802
006805
006806
006807
006809
006810
006811
006812
006815
006816
006820
006821
006822
006827
006828
006832
006837
006838
006840
006846
006847
006849
006852
006856
006857
006858
006862
006867
006868
006869
006871
006875
006876
006879
006882
006883
006885
006886
006889
006897
006899
006900
006902
006905
006907
006908
006913
006914
006915
006917
006919
006920
006922
006923
006925
006927
006930
006934
006935
006937
006939
006940
006942
006948
006952
006953
006954
006956
006958
006960
006961
006965
006973
006974
006976
006981
006982
006984
006985
006986
006987
006988
006989
006990
006991
006992
006993
006994
006996
006999
007001
007002
007007
007011
007013
007014
007016
007017
007019
007023
007024
007027
007028
007030
007032
007033
007034
007037
007039
007042
007043
007045
007046
007048
007050
007051
007052
007053
007054
007055
007056
007058
007064
007065
007068
007070
007074
007075
007076
007077
007079
007081
007085
007089
007091
007092
007094
007097
007102
007103
007104
007105
007106
007108
007110
007111
007113
007115
007117
007118
007119
007121
007122
007124
007127
007130
007131
007134
007135
007138
007143
007144
007146
007148
007149
007150
007154
007156
007157
007158
007159
007162
007164
007165
007166
007167
007170
007172
007175
007176
007177
007179
007184
007185
007188
007189
007190
007191
007192
007193
007197
007198
007199
007201
007203
007204
007206
007207
007209
007211
007212
007214
007216
007218
007222
007225
007231
007234
007235
007236
007237
007238
007240
007242
007244
007246
007250
007251
007252
007254
007255
007256
007258
007264
007265
007266
007267
007272
007274
007275
007277
007278
007279
007280
007281
007282
007284
007288
007289
007291
007292
007293
007294
007295
007296
007297
007301
007302
007303
007304
007306
007307
007310
007311
007312
007313
007316
007317
007318
007319
007320
007321
007326
007330
007333
007335
007336
007339
007340
007341
007345
007346
007348
007350
007352
007353
007356
007357
007360
007361
007362
007363
007364
007365
007367
007374
007375
007377
007379
007385
007387
007389
007391
007394
007398
007399
007404
007405
007410
007412
007414
007415
007419
007420
007422
007425
007428
007429
007430
007431
007432
007433
007435
007440
007441
007442
007443
007447
007450
007454
007455
007458
007460
007462
007465
007468
007469
007471
007473
007474
007475
007476
007477
007479
